image_width: 960
image_height: 640
camera_name: usb_cam
camera_matrix:
  rows: 3
  cols: 3
  data: [4105.823146279685, 0.0, 236.52605186023777, 0.0, 4117.761314872891, 468.23168558799034, 0.0, 0.0, 1.0]
distortion_model: plumb_bob
distortion_coefficients:
  rows: 1
  cols: 5
  data: [0.2598905236190969, 2.7224698586545606, 0.026942727898642292, -0.041819159835475496, 0.0]
rectification_matrix:
  rows: 3
  cols: 3
  data: [1.0, 0.0, 0.0, 0.0, 1.0, 0.0, 0.0, 0.0, 1.0]
projection_matrix:
  rows: 3
  cols: 4
  data: [4093.6093214277616, 0.0, 232.23791581083074, 0.0, 0.0, 4139.55317334919, 470.85168334594175, 0.0, 0.0, 0.0, 1.0, 0.0]

# D = [0.2598905236190969, 2.7224698586545606, 0.026942727898642292, -0.041819159835475496, 0.0]
# K = [4105.823146279685, 0.0, 236.52605186023777, 0.0, 4117.761314872891, 468.23168558799034, 0.0, 0.0, 1.0]
# R = [1.0, 0.0, 0.0, 0.0, 1.0, 0.0, 0.0, 0.0, 1.0]
# P = [4093.6093214277616, 0.0, 232.23791581083074, 0.0, 0.0, 4139.55317334919, 470.85168334594175, 0.0, 0.0, 0.0, 1.0, 0.0]
# None
# # oST version 5.0 parameters


# [image]

# width
# 960

# height
# 640

# [narrow_stereo]

# camera matrix
# 4105.823146 0.000000 236.526052
# 0.000000 4117.761315 468.231686
# 0.000000 0.000000 1.000000

# distortion
# 0.259891 2.722470 0.026943 -0.041819 0.000000

# rectification
# 1.000000 0.000000 0.000000
# 0.000000 1.000000 0.000000
# 0.000000 0.000000 1.000000

# projection
# 4093.609321 0.000000 232.237916 0.000000
# 0.000000 4139.553173 470.851683 0.000000
# 0.000000 0.000000 1.000000 0.000000