image_width: 960
image_height: 640
camera_name: head_camera
camera_matrix:
  rows: 3
  cols: 3
  data: [4329.8049584414421, 0, 690.70658819962193, 0, 4324.2611948191952, 99.862291289437294, 0, 0, 1]
distortion_model: plumb_bob
distortion_coefficients:
  rows: 1
  cols: 5
  data: [0.40931824888267299, 0.26348569539365529, -0.026792986500127746, 0.043045453629336962, 0]
rectification_matrix:
  rows: 3
  cols: 3
  data: [1, 0, 0, 0, 1, 0, 0, 0, 1]
projection_matrix:
  rows: 3
  cols: 4
  data: [4326.2075329075033, 0, 696.20688306473107, 0, 0, 4352.7056237374409, 97.602596798467772, 0, 0, 0, 1, 0]